1,0.8995,76.97,0.000100000,0.357,44.07,1.500,0.0027
2,0.4639,89.21,0.000100000,0.405,41.24,1.550,0.0047
3,0.3695,93.47,0.000100000,0.405,35.61,1.600,0.0060
4,0.3301,82.50,0.000100000,0.421,22.48,1.650,0.0079
5,0.3099,93.38,0.000100000,0.482,19.81,1.700,0.0090
6,0.2820,92.93,0.000100000,0.387,21.85,1.750,0.0109
7,0.2788,87.31,0.000100000,0.446,22.54,1.800,0.0131
8,0.2851,94.65,0.000100000,0.353,23.44,1.850,0.0145
9,0.2588,92.66,0.000100000,0.380,22.37,1.900,0.0173
10,0.2599,92.84,0.000100000,0.386,21.85,1.950,0.0189
11,0.2560,80.96,0.000100000,0.311,inf,2.000,0.0207
12,0.2449,98.37,0.000100000,0.294,inf,2.050,0.0227
13,0.2529,98.73,0.000100000,0.334,23.61,2.100,0.0240
14,0.2294,95.65,0.000100000,0.308,23.31,2.150,0.0257
15,0.2241,95.92,0.000100000,0.394,19.61,2.200,0.0273
16,0.2317,96.19,0.000100000,0.418,19.98,2.250,0.0286
17,0.2211,96.01,0.000100000,0.333,22.92,2.300,0.0296
18,0.2220,97.91,0.000100000,0.454,20.38,2.350,0.0306
19,0.2208,97.55,0.000100000,0.317,21.58,2.400,0.0313
20,0.2216,98.37,0.000100000,0.380,20.83,2.450,0.0317
21,0.1843,98.28,0.000030000,0.494,17.61,2.500,0.0320
22,0.1729,98.82,0.000030000,0.505,17.54,2.550,0.0325
23,0.1705,98.46,0.000030000,0.516,17.18,2.600,0.0330
24,0.1679,98.28,0.000030000,0.559,16.50,2.650,0.0336
25,0.1644,99.00,0.000030000,0.531,17.16,2.700,0.0341
26,0.1646,99.18,0.000030000,0.543,16.74,2.750,0.0346
27,0.1640,98.28,0.000030000,0.558,15.94,2.800,0.0352
28,0.1631,98.82,0.000030000,0.539,17.56,2.850,0.0357
29,0.1652,98.01,0.000030000,0.613,15.46,2.900,0.0362
30,0.1668,97.91,0.000030000,0.548,15.84,2.950,0.0367
31,0.1639,98.46,0.000030000,0.574,16.53,3.000,0.0373
32,0.1622,99.00,0.000030000,0.569,16.36,3.050,0.0377
33,0.1629,96.92,0.000030000,0.642,15.77,3.100,0.0383
34,0.1620,99.27,0.000030000,0.602,15.86,3.150,0.0387
35,0.1609,97.64,0.000030000,0.625,15.43,3.200,0.0392
36,0.1665,97.82,0.000030000,0.646,16.34,3.250,0.0396
37,0.1597,98.91,0.000030000,0.616,15.74,3.300,0.0400
38,0.1629,98.10,0.000030000,0.611,17.67,3.350,0.0404
39,0.1598,98.46,0.000030000,0.584,15.69,3.400,0.0409
40,0.1664,99.09,0.000030000,0.550,16.27,3.450,0.0412
41,0.1588,99.00,0.000009000,0.595,16.06,3.500,0.0414
42,0.1550,99.09,0.000009000,0.592,15.63,3.500,0.0415
43,0.1558,99.09,0.000009000,0.594,16.85,3.500,0.0417
44,0.1551,99.09,0.000009000,0.600,15.79,3.500,0.0418
45,0.1551,99.09,0.000009000,0.595,16.02,3.500,0.0419
46,0.1547,99.27,0.000009000,0.602,15.94,3.500,0.0421
47,0.1553,98.64,0.000009000,0.601,16.09,3.500,0.0421
48,0.1530,98.91,0.000009000,0.594,16.12,3.500,0.0422
49,0.1544,99.09,0.000009000,0.593,16.19,3.500,0.0423
50,0.1544,99.09,0.000009000,0.596,16.62,3.500,0.0425
51,0.1547,99.37,0.000009000,0.587,15.94,3.500,0.0426
52,0.1530,98.73,0.000009000,0.592,16.30,3.500,0.0427
53,0.1541,99.00,0.000009000,0.603,15.93,3.500,0.0429
54,0.1545,98.82,0.000009000,0.586,16.17,3.500,0.0429
55,0.1551,99.46,0.000009000,0.596,15.46,3.500,0.0431
56,0.1539,98.28,0.000009000,0.602,15.47,3.500,0.0432
57,0.1530,98.91,0.000009000,0.594,15.75,3.500,0.0433
58,0.1548,99.37,0.000009000,0.574,16.23,3.500,0.0435
59,0.1546,99.37,0.000009000,0.588,16.34,3.500,0.0435
60,0.1538,98.91,0.000009000,0.600,15.89,3.500,0.0436
61,0.1530,99.27,0.000002700,0.600,15.82,3.500,0.0437
62,0.1527,99.09,0.000002700,0.597,15.87,3.500,0.0437
63,0.1515,98.91,0.000002700,0.604,15.80,3.500,0.0437
64,0.1523,98.82,0.000002700,0.602,15.74,3.500,0.0438
65,0.1517,99.00,0.000002700,0.600,16.03,3.500,0.0438
66,0.1524,98.91,0.000002700,0.602,15.62,3.500,0.0438
67,0.1518,99.00,0.000002700,0.603,15.67,3.500,0.0439
68,0.1524,99.09,0.000002700,0.596,15.69,3.500,0.0439
69,0.1515,99.18,0.000002700,0.596,15.85,3.500,0.0440
70,0.1517,99.18,0.000002700,0.589,15.74,3.500,0.0440
71,0.1522,99.09,0.000002700,0.587,15.57,3.500,0.0440
72,0.1519,99.27,0.000002700,0.591,16.04,3.500,0.0441
73,0.1518,99.09,0.000002700,0.591,15.80,3.500,0.0441
74,0.1518,98.73,0.000002700,0.592,16.36,3.500,0.0442
75,0.1513,99.09,0.000002700,0.589,16.52,3.500,0.0443
76,0.1512,99.00,0.000002700,0.592,16.15,3.500,0.0443
77,0.1517,99.18,0.000002700,0.592,15.78,3.500,0.0444
78,0.1515,99.27,0.000002700,0.588,15.72,3.500,0.0444
79,0.1518,99.37,0.000002700,0.584,15.95,3.500,0.0444
80,0.1519,99.27,0.000002700,0.588,15.73,3.500,0.0445
81,0.1510,99.37,0.000000810,0.588,15.87,3.500,0.0445
82,0.1512,99.37,0.000000810,0.586,15.94,3.500,0.0445
83,0.1513,99.18,0.000000810,0.585,15.59,3.500,0.0445
84,0.1513,99.09,0.000000810,0.589,15.83,3.500,0.0446
85,0.1511,99.00,0.000000810,0.586,15.90,3.500,0.0446
86,0.1514,99.09,0.000000810,0.587,15.85,3.500,0.0446
87,0.1518,99.09,0.000000810,0.582,15.72,3.500,0.0446
88,0.1510,99.18,0.000000810,0.588,15.85,3.500,0.0446
89,0.1510,99.09,0.000000810,0.584,15.89,3.500,0.0446
90,0.1509,99.27,0.000000810,0.585,15.86,3.500,0.0447
91,0.1513,99.18,0.000000810,0.590,15.92,3.500,0.0447
92,0.1514,99.09,0.000000810,0.588,15.88,3.500,0.0447
93,0.1517,99.18,0.000000810,0.588,16.01,3.500,0.0447
94,0.1511,99.09,0.000000810,0.580,15.76,3.500,0.0447
95,0.1511,99.37,0.000000810,0.579,15.90,3.500,0.0448
96,0.1510,99.37,0.000000810,0.579,15.99,3.500,0.0448
97,0.1519,99.09,0.000000810,0.579,15.81,3.500,0.0448
98,0.1513,99.27,0.000000810,0.581,16.35,3.500,0.0448
99,0.1507,99.27,0.000000810,0.576,16.20,3.500,0.0448
100,0.1513,99.09,0.000000810,0.579,16.16,3.500,0.0448